EFAC 2.0
MODE 1
1               1949.609 53204.1251681969647    33.83
1               1949.609 53281.8699127766212    28.34
1               1949.609 53319.8941761685424    28.99
1               1949.609 53378.5710801507379    20.74
1               1949.609 53474.3879666239114    23.62
1               1949.609 53493.3450583842634    21.23
1               1949.609 53495.3459790872032    18.79
1               1949.609 53500.3434053769710    29.31
1               1949.609 53506.3140964385145    17.51
1               1949.609 53519.1527832138747    34.73
1               1949.609 53519.2122607624910    21.04
1               1949.609 53519.2717383377076    22.01
1               1949.609 53553.1953273926408    19.04
1               1949.609 53579.1796011230431    17.42
1               1949.609 53601.0676094280413    23.32
1               1949.609 53624.9255097792318    17.58
1               1949.609 53625.0757182879952    34.61
1               1949.609 53637.8796965611908    13.58
1               1949.609 53638.0043897106455    24.53
1               1949.609 53702.7944651385220    26.05
1               1949.609 53769.5260252681740    19.06
1               1949.609 53769.6746026556994    17.29
1               1949.609 53803.4019181678256    18.16
1               1949.609 53803.5032999355341    27.63
1               1949.609 53803.6046817039226    20.53
1               1949.609 53804.4168406605379    11.93
1               1949.609 53804.5696414843645    26.04
1               1949.609 53805.4078947628610    31.48
1               1949.609 53805.6069965230298    25.77
1               1949.609 53810.4298313520871    17.20
1               1949.609 53810.5752338767800    60.58
1               1949.609 53814.3668096741263    20.44
1               1949.609 53814.4698031436683    22.31
1               1949.609 53814.5727966198053    23.78
1               1949.609 53819.4557808331793    19.22
1               1949.609 53896.2494442918173    16.02
1               1949.609 53957.0753346091340    19.56
1               1949.609 54194.3346462281667    21.07
1               1949.609 54194.4759440257707    45.68
1               1949.609 54194.5645023293509    22.13
1               1949.805 54379.8269212552652    14.76
1               1949.805 54379.9292350843124    18.87
PHASE 1
1               1949.805 54380.0315489153298    31.77
PHASE -1
1               1949.805 54437.7704446256510    21.87
1               1949.805 54500.5994273115942    13.66
1               1949.805 54556.4416379340899    41.03
PHASE 1
1               1949.805 54626.1931567192927    20.57
PHASE -1
1               1949.805 54626.3414137170960    21.06
1               1999.805 54721.9966038433951    33.58
1               1999.805 54781.7633720187147    21.70
1               1999.805 54781.8529864391580    18.93
1               1999.805 54781.9426008361715    28.31
PHASE 1
TIME +0.001326080 
1                820.195 55472.9396107197938    18.85
TIME -0.001326080
TIME +0.001314560
1               1499.219 55496.7712245379532    35.87
1               1499.219 55496.8741597579551    17.32
1               1499.219 55496.9770949723093    20.06
1               1499.219 55614.4485764767076    20.60
1               1499.219 55614.5458682935014    17.21
1               1499.219 55614.6431601234792    18.77
1               1499.219 55743.1342305145641    17.08
1               1499.219 55743.2810712119370    21.08
1               1499.219 55829.8729412659069    30.24
1               1499.219 55830.0337775376067    18.66
1               1499.219 55931.5797686593429    15.70
1               1499.219 55931.6779634305055    15.92
1               1499.219 55931.7761582068783    42.84
1               1499.219 56023.3487061141637    22.47
1               1499.219 56023.5040118635351    18.05
1               1499.219 56113.1017202465106    22.04
1               1499.219 56113.2630079872696    19.31
1               1499.219 56206.8522463904837    23.03
1               1499.219 56206.9922021671601    20.95
1               1499.219 56299.6715665780022    22.74
1               1499.219 56389.3143438062369    25.55
1               1499.219 56389.4177304859312    21.43
1               1499.219 56389.5211171575259    30.10
1               1499.219 56474.2427866552898    20.95
1               1499.219 56474.2841701586502    20.73
1               1499.219 56474.3255536734359    42.62
1               1499.219 56587.7617657196033    19.34
1               1499.219 56587.8417323766290    15.90
1               1499.219 56587.9216990476518    20.07
1               1499.219 56588.0016657119220    23.53
1               1499.219 56671.5374629780283    23.67
1               1499.219 56671.6163009719797    15.42
1               1499.219 56671.6951389543895    19.91
1               1499.219 56671.7739769455444    17.31
1               1499.219 56742.3582326055043    24.98
1               1499.219 56742.4607163526969    26.83
1               1499.219 56742.5632000844361    21.68
1               1499.219 56838.1634431895748    19.48
1               1499.219 56941.8358142793496    26.84
1               1499.219 56941.9937159899895    22.81
1               1499.219 57026.5973506602954    42.37
1               1499.219 57026.7545751711651    16.22
1               1499.219 57305.8418774838051    15.85
1               1499.219 57305.9980861886972    20.23
TIME -0.001314560
TIME +0.000495360
1               1999.219 56028.4046668540356    21.66
1               1999.219 56745.4338230808479    19.48
1               1999.219 56778.3467655982839    29.79
1               1999.219 57209.0976472196814    30.16
1               1999.219 57209.2550018921925    27.50
1               1999.219 57299.8267304174573    28.64
1               1999.219 57299.9293579853349    15.13
1               1999.219 57300.0319855315618    27.15
1               1999.219 57387.5952893478681    51.39
1               1999.219 57387.6985995711811    17.37
1               1999.219 57387.8019098038491    24.66
TIME -0.000495360
